task_id: TASK-165
current_phase: implement
current_iteration: 1
status: running
started_at: 2026-01-14T10:51:35.160432-06:00
updated_at: 2026-01-14T10:53:16.255303-06:00
phases:
    implement:
        status: completed
        started_at: 2026-01-14T10:51:35.694162-06:00
        completed_at: 2026-01-14T10:53:16.255301-06:00
        iterations: 1
        tokens:
            input_tokens: 851351
            output_tokens: 2941
            cache_creation_input_tokens: 80525
            cache_read_input_tokens: 770811
            total_tokens: 854292
tokens:
    input_tokens: 851351
    output_tokens: 2941
    cache_creation_input_tokens: 80525
    cache_read_input_tokens: 770811
    total_tokens: 854292
cost:
    total_cost_usd: 0
execution:
    pid: 5826
    hostname: MacBook-Air.local
    started_at: 2026-01-14T10:51:35.173825-06:00
    last_heartbeat: 2026-01-14T10:51:35.694165-06:00
