task_id: TASK-165
current_phase: implement
current_iteration: 1
status: running
started_at: 2026-01-14T11:24:53.94305-06:00
updated_at: 2026-01-14T11:34:49.69706-06:00
phases:
    implement:
        status: completed
        started_at: 2026-01-14T11:24:54.306054-06:00
        completed_at: 2026-01-14T11:34:49.697055-06:00
        iterations: 1
        commit_sha: f3bb57ff0ae8935ee81e6db5f1e8914ef605c1ba
        tokens:
            input_tokens: 4311546
            output_tokens: 32101
            cache_creation_input_tokens: 101065
            cache_read_input_tokens: 4201370
            total_tokens: 4343647
tokens:
    input_tokens: 4311546
    output_tokens: 32101
    cache_creation_input_tokens: 101065
    cache_read_input_tokens: 4201370
    total_tokens: 4343647
cost:
    total_cost_usd: 0
execution:
    pid: 31275
    hostname: MacBook-Air.local
    started_at: 2026-01-14T11:24:53.975345-06:00
    last_heartbeat: 2026-01-14T11:24:54.306059-06:00
