task_id: TASK-165
current_phase: test
current_iteration: 2
status: running
started_at: 2026-01-14T11:24:53.94305-06:00
updated_at: 2026-01-14T11:37:04.900952-06:00
phases:
    implement:
        status: completed
        started_at: 2026-01-14T11:24:54.306054-06:00
        completed_at: 2026-01-14T11:34:49.697055-06:00
        iterations: 1
        commit_sha: f3bb57ff0ae8935ee81e6db5f1e8914ef605c1ba
        tokens:
            input_tokens: 4311546
            output_tokens: 32101
            cache_creation_input_tokens: 101065
            cache_read_input_tokens: 4201370
            total_tokens: 4343647
    test:
        status: completed
        started_at: 2026-01-14T11:34:49.738114-06:00
        completed_at: 2026-01-14T11:37:04.900948-06:00
        iterations: 1
        commit_sha: 22312c94859b81176f8ffd049e618dbdf93b41c1
        tokens:
            input_tokens: 1387832
            output_tokens: 4327
            cache_creation_input_tokens: 49500
            cache_read_input_tokens: 1333448
            total_tokens: 1392159
gates:
    - phase: implement
      gate_type: auto
      approved: true
      reason: auto-approved on success
      timestamp: 2026-01-14T11:34:49.738111-06:00
tokens:
    input_tokens: 5699378
    output_tokens: 36428
    cache_creation_input_tokens: 150565
    cache_read_input_tokens: 5534818
    total_tokens: 5735806
cost:
    total_cost_usd: 0
execution:
    pid: 31275
    hostname: MacBook-Air.local
    started_at: 2026-01-14T11:24:53.975345-06:00
    last_heartbeat: 2026-01-14T11:34:49.738117-06:00
