task_id: TASK-155
current_phase: validate
current_iteration: 5
status: completed
started_at: 2026-01-14T04:37:42.393164-06:00
updated_at: 2026-01-14T05:00:08.829075-06:00
completed_at: 2026-01-14T05:00:08.829075-06:00
phases:
    docs:
        status: completed
        started_at: 2026-01-14T04:54:25.959531-06:00
        completed_at: 2026-01-14T04:56:35.491464-06:00
        iterations: 1
        commit_sha: 851cf3bf73287991f98773989bfe77616ee48120
        tokens:
            input_tokens: 735440
            output_tokens: 2315
            cache_creation_input_tokens: 33078
            cache_read_input_tokens: 702352
            total_tokens: 737755
    implement:
        status: completed
        started_at: 2026-01-14T04:40:55.750403-06:00
        completed_at: 2026-01-14T04:52:02.703599-06:00
        iterations: 1
        commit_sha: abd01e96dc67326aba05c4987251369b7032c990
        tokens:
            input_tokens: 6146565
            output_tokens: 18771
            cache_creation_input_tokens: 100799
            cache_read_input_tokens: 6040583
            total_tokens: 6165336
    spec:
        status: completed
        started_at: 2026-01-14T04:37:42.704673-06:00
        completed_at: 2026-01-14T04:40:55.680782-06:00
        iterations: 1
        commit_sha: fc7f8f631ac132807157ac7600492e8632dd3f26
        tokens:
            input_tokens: 305100
            output_tokens: 4199
            cache_creation_input_tokens: 19275
            cache_read_input_tokens: 285034
            total_tokens: 309299
    test:
        status: completed
        started_at: 2026-01-14T04:52:02.747323-06:00
        completed_at: 2026-01-14T04:54:25.913836-06:00
        iterations: 1
        tokens:
            input_tokens: 584732
            output_tokens: 2322
            cache_creation_input_tokens: 43702
            cache_read_input_tokens: 538477
            total_tokens: 587054
    validate:
        status: completed
        started_at: 2026-01-14T04:56:35.536353-06:00
        completed_at: 2026-01-14T05:00:08.783204-06:00
        iterations: 1
        tokens:
            input_tokens: 399617
            output_tokens: 1185
            cache_creation_input_tokens: 17719
            cache_read_input_tokens: 381891
            total_tokens: 400802
gates:
    - phase: spec
      gate_type: auto
      approved: true
      reason: auto-approved on success
      timestamp: 2026-01-14T04:40:55.750394-06:00
    - phase: implement
      gate_type: auto
      approved: true
      reason: auto-approved on success
      timestamp: 2026-01-14T04:52:02.747315-06:00
    - phase: test
      gate_type: auto
      approved: true
      reason: auto-approved on success
      timestamp: 2026-01-14T04:54:25.959516-06:00
    - phase: docs
      gate_type: auto
      approved: true
      reason: auto-approved on success
      timestamp: 2026-01-14T04:56:35.536348-06:00
    - phase: validate
      gate_type: auto
      approved: true
      reason: auto-approved on success
      timestamp: 2026-01-14T05:00:08.829064-06:00
tokens:
    input_tokens: 8171454
    output_tokens: 28792
    cache_creation_input_tokens: 214573
    cache_read_input_tokens: 7948337
    total_tokens: 8200246
cost:
    total_cost_usd: 0
