task_id: TASK-155
current_phase: spec
current_iteration: 1
status: running
started_at: 2026-01-14T04:37:42.393164-06:00
updated_at: 2026-01-14T04:40:55.680785-06:00
phases:
    spec:
        status: completed
        started_at: 2026-01-14T04:37:42.704673-06:00
        completed_at: 2026-01-14T04:40:55.680782-06:00
        iterations: 1
        commit_sha: fc7f8f631ac132807157ac7600492e8632dd3f26
        tokens:
            input_tokens: 305100
            output_tokens: 4199
            cache_creation_input_tokens: 19275
            cache_read_input_tokens: 285034
            total_tokens: 309299
tokens:
    input_tokens: 305100
    output_tokens: 4199
    cache_creation_input_tokens: 19275
    cache_read_input_tokens: 285034
    total_tokens: 309299
cost:
    total_cost_usd: 0
execution:
    pid: 11595
    hostname: MacBook-Air.local
    started_at: 2026-01-14T04:37:42.411519-06:00
    last_heartbeat: 2026-01-14T04:37:42.704678-06:00
