task_id: TASK-179
current_phase: spec
current_iteration: 1
status: running
started_at: 2026-01-14T22:01:13.172747333-06:00
updated_at: 2026-01-14T22:04:05.983062236-06:00
phases:
    spec:
        status: completed
        started_at: 2026-01-14T22:01:14.344935916-06:00
        completed_at: 2026-01-14T22:04:05.983061164-06:00
        iterations: 1
        commit_sha: caecf1bd9079eaa47c5ae09a45969077f9922173
        tokens:
            input_tokens: 1019822
            output_tokens: 9731
            cache_creation_input_tokens: 104536
            cache_read_input_tokens: 912933
            total_tokens: 1029553
tokens:
    input_tokens: 1019822
    output_tokens: 9731
    cache_creation_input_tokens: 104536
    cache_read_input_tokens: 912933
    total_tokens: 1029553
cost:
    total_cost_usd: 0
execution:
    pid: 293631
    hostname: Nexus
    started_at: 2026-01-14T22:01:13.221127674-06:00
    last_heartbeat: 2026-01-14T22:01:14.344938431-06:00
