task_id: TASK-179
current_phase: implement
current_iteration: 3
status: running
started_at: 2026-01-14T22:01:13.172747333-06:00
updated_at: 2026-01-14T22:44:05.03712638-06:00
phases:
    implement:
        status: completed
        started_at: 2026-01-14T22:04:06.007064521-06:00
        completed_at: 2026-01-14T22:44:05.037125609-06:00
        iterations: 2
        commit_sha: 2acee89fe1186487ee9840a235cf0a7c486c14b8
        tokens:
            input_tokens: 37090682
            output_tokens: 73432
            cache_creation_input_tokens: 919469
            cache_read_input_tokens: 36168997
            total_tokens: 37164114
    spec:
        status: completed
        started_at: 2026-01-14T22:01:14.344935916-06:00
        completed_at: 2026-01-14T22:04:05.983061164-06:00
        iterations: 1
        commit_sha: caecf1bd9079eaa47c5ae09a45969077f9922173
        tokens:
            input_tokens: 1019822
            output_tokens: 9731
            cache_creation_input_tokens: 104536
            cache_read_input_tokens: 912933
            total_tokens: 1029553
gates:
    - phase: spec
      gate_type: auto
      approved: true
      reason: auto-approved on success
      timestamp: 2026-01-14T22:04:06.007063378-06:00
tokens:
    input_tokens: 38110504
    output_tokens: 83163
    cache_creation_input_tokens: 1024005
    cache_read_input_tokens: 37081930
    total_tokens: 38193667
cost:
    total_cost_usd: 0
execution:
    pid: 293631
    hostname: Nexus
    started_at: 2026-01-14T22:01:13.221127674-06:00
    last_heartbeat: 2026-01-14T22:04:06.007065322-06:00
