task_id: TASK-163
current_phase: implement
current_iteration: 1
status: running
started_at: 2026-01-14T10:18:20.319888-06:00
updated_at: 2026-01-14T10:23:39.719907-06:00
phases:
    implement:
        status: completed
        started_at: 2026-01-14T10:18:20.847174-06:00
        completed_at: 2026-01-14T10:23:39.719904-06:00
        iterations: 1
        commit_sha: 76bcc9ea5cfd1b3048f25378239a5e342dddedda
        tokens:
            input_tokens: 2341689
            output_tokens: 11062
            cache_creation_input_tokens: 42100
            cache_read_input_tokens: 2299508
            total_tokens: 2352751
tokens:
    input_tokens: 2341689
    output_tokens: 11062
    cache_creation_input_tokens: 42100
    cache_read_input_tokens: 2299508
    total_tokens: 2352751
cost:
    total_cost_usd: 0
execution:
    pid: 68792
    hostname: MacBook-Air.local
    started_at: 2026-01-14T10:18:20.341256-06:00
    last_heartbeat: 2026-01-14T10:18:20.847178-06:00
