task_id: TASK-163
current_phase: test
current_iteration: 2
status: running
started_at: 2026-01-14T10:18:20.319888-06:00
updated_at: 2026-01-14T10:29:00.707725-06:00
phases:
    implement:
        status: completed
        started_at: 2026-01-14T10:18:20.847174-06:00
        completed_at: 2026-01-14T10:23:39.719904-06:00
        iterations: 1
        commit_sha: 76bcc9ea5cfd1b3048f25378239a5e342dddedda
        tokens:
            input_tokens: 2341689
            output_tokens: 11062
            cache_creation_input_tokens: 42100
            cache_read_input_tokens: 2299508
            total_tokens: 2352751
    test:
        status: completed
        started_at: 2026-01-14T10:23:39.764383-06:00
        completed_at: 2026-01-14T10:29:00.707723-06:00
        iterations: 1
        commit_sha: 50d135d73d72f2c909deb784e446785565ece014
        tokens:
            input_tokens: 2526405
            output_tokens: 8611
            cache_creation_input_tokens: 80019
            cache_read_input_tokens: 2445415
            total_tokens: 2535016
gates:
    - phase: implement
      gate_type: auto
      approved: true
      reason: auto-approved on success
      timestamp: 2026-01-14T10:23:39.76438-06:00
tokens:
    input_tokens: 4868094
    output_tokens: 19673
    cache_creation_input_tokens: 122119
    cache_read_input_tokens: 4744923
    total_tokens: 4887767
cost:
    total_cost_usd: 0
execution:
    pid: 68792
    hostname: MacBook-Air.local
    started_at: 2026-01-14T10:18:20.341256-06:00
    last_heartbeat: 2026-01-14T10:23:39.764388-06:00
