task_id: TASK-159
current_phase: spec
current_iteration: 1
status: running
started_at: 2026-01-14T06:21:54.813386-06:00
updated_at: 2026-01-14T06:24:28.839105-06:00
phases:
    spec:
        status: completed
        started_at: 2026-01-14T06:21:55.249913-06:00
        completed_at: 2026-01-14T06:24:28.839101-06:00
        iterations: 1
        commit_sha: 687211862190ce3fa8305f51b45e0ce2fe7e12fa
        tokens:
            input_tokens: 325671
            output_tokens: 3813
            cache_creation_input_tokens: 38003
            cache_read_input_tokens: 276321
            total_tokens: 329484
tokens:
    input_tokens: 325671
    output_tokens: 3813
    cache_creation_input_tokens: 38003
    cache_read_input_tokens: 276321
    total_tokens: 329484
cost:
    total_cost_usd: 0
execution:
    pid: 45511
    hostname: MacBook-Air.local
    started_at: 2026-01-14T06:21:54.832416-06:00
    last_heartbeat: 2026-01-14T06:21:55.249917-06:00
