task_id: TASK-159
current_phase: validate
current_iteration: 5
status: completed
started_at: 2026-01-14T06:21:54.813386-06:00
updated_at: 2026-01-14T06:41:50.612065-06:00
completed_at: 2026-01-14T06:41:50.612065-06:00
phases:
    docs:
        status: completed
        started_at: 2026-01-14T06:38:58.766233-06:00
        completed_at: 2026-01-14T06:40:32.428067-06:00
        iterations: 1
        tokens:
            input_tokens: 1089473
            output_tokens: 3440
            cache_creation_input_tokens: 64196
            cache_read_input_tokens: 1008825
            total_tokens: 1092913
    implement:
        status: completed
        started_at: 2026-01-14T06:24:28.883284-06:00
        completed_at: 2026-01-14T06:36:27.637769-06:00
        iterations: 1
        commit_sha: 57a65073ac9f10d089ed33820548c730743f8004
        tokens:
            input_tokens: 4848700
            output_tokens: 20616
            cache_creation_input_tokens: 175077
            cache_read_input_tokens: 4662295
            total_tokens: 4869316
    spec:
        status: completed
        started_at: 2026-01-14T06:21:55.249913-06:00
        completed_at: 2026-01-14T06:24:28.839101-06:00
        iterations: 1
        commit_sha: 687211862190ce3fa8305f51b45e0ce2fe7e12fa
        tokens:
            input_tokens: 325671
            output_tokens: 3813
            cache_creation_input_tokens: 38003
            cache_read_input_tokens: 276321
            total_tokens: 329484
    test:
        status: completed
        started_at: 2026-01-14T06:36:27.682319-06:00
        completed_at: 2026-01-14T06:38:58.718537-06:00
        iterations: 1
        commit_sha: 025840a49bfb587607d46642891e47e28a1aab60
        tokens:
            input_tokens: 959802
            output_tokens: 3413
            cache_creation_input_tokens: 61846
            cache_read_input_tokens: 897068
            total_tokens: 963215
    validate:
        status: completed
        started_at: 2026-01-14T06:40:32.489532-06:00
        completed_at: 2026-01-14T06:41:50.56295-06:00
        iterations: 1
        tokens:
            input_tokens: 483309
            output_tokens: 2035
            cache_creation_input_tokens: 76186
            cache_read_input_tokens: 406215
            total_tokens: 485344
gates:
    - phase: spec
      gate_type: auto
      approved: true
      reason: auto-approved on success
      timestamp: 2026-01-14T06:24:28.883279-06:00
    - phase: implement
      gate_type: auto
      approved: true
      reason: auto-approved on success
      timestamp: 2026-01-14T06:36:27.682309-06:00
    - phase: test
      gate_type: auto
      approved: true
      reason: auto-approved on success
      timestamp: 2026-01-14T06:38:58.766212-06:00
    - phase: docs
      gate_type: auto
      approved: true
      reason: auto-approved on success
      timestamp: 2026-01-14T06:40:32.489528-06:00
    - phase: validate
      gate_type: auto
      approved: true
      reason: auto-approved on success
      timestamp: 2026-01-14T06:41:50.61206-06:00
tokens:
    input_tokens: 7706955
    output_tokens: 33317
    cache_creation_input_tokens: 415308
    cache_read_input_tokens: 7250724
    total_tokens: 7740272
cost:
    total_cost_usd: 0
