task_id: TASK-159
current_phase: spec
current_iteration: 1
status: running
started_at: 2026-01-14T22:00:44.967311465-06:00
updated_at: 2026-01-14T22:02:18.799339877-06:00
phases:
    spec:
        status: completed
        started_at: 2026-01-14T22:00:46.18058505-06:00
        completed_at: 2026-01-14T22:02:18.799339096-06:00
        iterations: 1
        commit_sha: 8044898b903bb96a3f1525e426c6703b4ef9b315
        tokens:
            input_tokens: 681533
            output_tokens: 4457
            cache_creation_input_tokens: 76709
            cache_read_input_tokens: 604688
            total_tokens: 685990
tokens:
    input_tokens: 681533
    output_tokens: 4457
    cache_creation_input_tokens: 76709
    cache_read_input_tokens: 604688
    total_tokens: 685990
cost:
    total_cost_usd: 0
execution:
    pid: 292560
    hostname: Nexus
    started_at: 2026-01-14T22:00:45.014681592-06:00
    last_heartbeat: 2026-01-14T22:00:46.180587885-06:00
