task_id: TASK-194
current_phase: implement
current_iteration: 1
status: running
started_at: 2026-01-14T11:04:26.784854-06:00
updated_at: 2026-01-14T11:12:45.882872-06:00
phases:
    implement:
        status: completed
        started_at: 2026-01-14T11:04:27.275546-06:00
        completed_at: 2026-01-14T11:12:45.88287-06:00
        iterations: 1
        commit_sha: 029e45e16699d79f26045ad85423778dc98db6de
        tokens:
            input_tokens: 5789246
            output_tokens: 15922
            cache_creation_input_tokens: 99693
            cache_read_input_tokens: 5686475
            total_tokens: 5805168
tokens:
    input_tokens: 5789246
    output_tokens: 15922
    cache_creation_input_tokens: 99693
    cache_read_input_tokens: 5686475
    total_tokens: 5805168
cost:
    total_cost_usd: 0
execution:
    pid: 14536
    hostname: MacBook-Air.local
    started_at: 2026-01-14T11:04:26.834593-06:00
    last_heartbeat: 2026-01-14T11:04:27.275555-06:00
