task_id: TASK-194
current_phase: test
current_iteration: 2
status: running
started_at: 2026-01-14T11:04:26.784854-06:00
updated_at: 2026-01-14T11:17:19.566039-06:00
phases:
    implement:
        status: completed
        started_at: 2026-01-14T11:04:27.275546-06:00
        completed_at: 2026-01-14T11:12:45.88287-06:00
        iterations: 1
        commit_sha: 029e45e16699d79f26045ad85423778dc98db6de
        tokens:
            input_tokens: 5789246
            output_tokens: 15922
            cache_creation_input_tokens: 99693
            cache_read_input_tokens: 5686475
            total_tokens: 5805168
    test:
        status: completed
        started_at: 2026-01-14T11:12:45.932553-06:00
        completed_at: 2026-01-14T11:17:19.566035-06:00
        iterations: 1
        tokens:
            input_tokens: 2836347
            output_tokens: 5706
            cache_creation_input_tokens: 77240
            cache_read_input_tokens: 2754510
            total_tokens: 2842053
gates:
    - phase: implement
      gate_type: auto
      approved: true
      reason: auto-approved on success
      timestamp: 2026-01-14T11:12:45.932546-06:00
tokens:
    input_tokens: 8625593
    output_tokens: 21628
    cache_creation_input_tokens: 176933
    cache_read_input_tokens: 8440985
    total_tokens: 8647221
cost:
    total_cost_usd: 0
execution:
    pid: 14536
    hostname: MacBook-Air.local
    started_at: 2026-01-14T11:04:26.834593-06:00
    last_heartbeat: 2026-01-14T11:12:45.932559-06:00
