task_id: TASK-162
current_phase: implement
current_iteration: 1
status: running
started_at: 2026-01-14T07:16:27.468634-06:00
updated_at: 2026-01-14T10:10:14.306-06:00
phases:
    implement:
        status: completed
        started_at: 2026-01-14T07:16:27.872255-06:00
        completed_at: 2026-01-14T10:10:14.305998-06:00
        iterations: 1
        commit_sha: 175f2380a4bfd698bef6d86f9d3e26626ba71c16
        tokens:
            input_tokens: 8954473
            output_tokens: 21202
            cache_creation_input_tokens: 370163
            cache_read_input_tokens: 8582622
            total_tokens: 8975675
tokens:
    input_tokens: 8954473
    output_tokens: 21202
    cache_creation_input_tokens: 370163
    cache_read_input_tokens: 8582622
    total_tokens: 8975675
cost:
    total_cost_usd: 0
execution:
    pid: 60452
    hostname: MacBook-Air.local
    started_at: 2026-01-14T07:16:27.487169-06:00
    last_heartbeat: 2026-01-14T07:16:27.872258-06:00
