task_id: TASK-171
current_phase: implement
current_iteration: 1
status: running
started_at: 2026-01-14T13:08:17.421258-06:00
updated_at: 2026-01-14T13:16:12.897859-06:00
phases:
    implement:
        status: completed
        started_at: 2026-01-14T13:08:18.603315-06:00
        completed_at: 2026-01-14T13:16:12.897857-06:00
        iterations: 1
        commit_sha: 5c8ba3143458219803d056810f9dfd02be95a607
        tokens:
            input_tokens: 7678199
            output_tokens: 24623
            cache_creation_input_tokens: 484108
            cache_read_input_tokens: 7181159
            total_tokens: 7702822
tokens:
    input_tokens: 7678199
    output_tokens: 24623
    cache_creation_input_tokens: 484108
    cache_read_input_tokens: 7181159
    total_tokens: 7702822
cost:
    total_cost_usd: 0
execution:
    pid: 55702
    hostname: Mac.localdomain
    started_at: 2026-01-14T13:08:17.435542-06:00
    last_heartbeat: 2026-01-14T13:08:18.603324-06:00
