task_id: TASK-171
current_phase: test
current_iteration: 2
status: running
started_at: 2026-01-14T13:08:17.421258-06:00
updated_at: 2026-01-14T13:19:40.215673-06:00
phases:
    implement:
        status: completed
        started_at: 2026-01-14T13:08:18.603315-06:00
        completed_at: 2026-01-14T13:16:12.897857-06:00
        iterations: 1
        commit_sha: 5c8ba3143458219803d056810f9dfd02be95a607
        tokens:
            input_tokens: 7678199
            output_tokens: 24623
            cache_creation_input_tokens: 484108
            cache_read_input_tokens: 7181159
            total_tokens: 7702822
    test:
        status: completed
        started_at: 2026-01-14T13:16:12.992782-06:00
        completed_at: 2026-01-14T13:19:40.215666-06:00
        iterations: 1
        tokens:
            input_tokens: 1348087
            output_tokens: 5463
            cache_creation_input_tokens: 60245
            cache_read_input_tokens: 1284613
            total_tokens: 1353550
gates:
    - phase: implement
      gate_type: auto
      approved: true
      reason: auto-approved on success
      timestamp: 2026-01-14T13:16:12.992777-06:00
tokens:
    input_tokens: 9026286
    output_tokens: 30086
    cache_creation_input_tokens: 544353
    cache_read_input_tokens: 8465772
    total_tokens: 9056372
cost:
    total_cost_usd: 0
execution:
    pid: 55702
    hostname: Mac.localdomain
    started_at: 2026-01-14T13:08:17.435542-06:00
    last_heartbeat: 2026-01-14T13:16:12.992786-06:00
