task_id: TASK-157
current_phase: spec
current_iteration: 1
status: running
started_at: 2026-01-14T05:25:04.034473-06:00
updated_at: 2026-01-14T05:28:58.026706-06:00
phases:
    spec:
        status: completed
        started_at: 2026-01-14T05:25:04.428711-06:00
        completed_at: 2026-01-14T05:28:58.026703-06:00
        iterations: 1
        commit_sha: d0eadeb38fea0c5a3f1cc40826e1c20bc94478a9
        tokens:
            input_tokens: 604261
            output_tokens: 4885
            cache_creation_input_tokens: 92828
            cache_read_input_tokens: 493834
            total_tokens: 609146
tokens:
    input_tokens: 604261
    output_tokens: 4885
    cache_creation_input_tokens: 92828
    cache_read_input_tokens: 493834
    total_tokens: 609146
cost:
    total_cost_usd: 0
execution:
    pid: 26236
    hostname: MacBook-Air.local
    started_at: 2026-01-14T05:25:04.057023-06:00
    last_heartbeat: 2026-01-14T05:25:04.428717-06:00
