task_id: TASK-157
current_phase: spec
current_iteration: 1
status: running
started_at: 2026-01-14T21:38:15.631596251-06:00
updated_at: 2026-01-14T21:40:04.598728836-06:00
phases:
    spec:
        status: completed
        started_at: 2026-01-14T21:38:16.875987723-06:00
        completed_at: 2026-01-14T21:40:04.598728265-06:00
        iterations: 1
        commit_sha: a524494957d3cd55bb158b255b9a6bc14fcf41ff
        tokens:
            input_tokens: 840765
            output_tokens: 5057
            cache_creation_input_tokens: 90881
            cache_read_input_tokens: 734452
            total_tokens: 845822
tokens:
    input_tokens: 840765
    output_tokens: 5057
    cache_creation_input_tokens: 90881
    cache_read_input_tokens: 734452
    total_tokens: 845822
cost:
    total_cost_usd: 0
execution:
    pid: 183135
    hostname: Nexus
    started_at: 2026-01-14T21:38:15.677997559-06:00
    last_heartbeat: 2026-01-14T21:38:16.875989977-06:00
