task_id: TASK-160
current_phase: implement
current_iteration: 1
status: running
started_at: 2026-01-14T21:38:16.185420289-06:00
updated_at: 2026-01-14T21:39:13.052090982-06:00
phases:
    implement:
        status: completed
        started_at: 2026-01-14T21:38:17.396097925-06:00
        completed_at: 2026-01-14T21:39:13.052088658-06:00
        iterations: 1
        commit_sha: 890031954635fa7ae2325f0b0059228fdd89b4bb
        tokens:
            input_tokens: 392813
            output_tokens: 1569
            cache_creation_input_tokens: 53503
            cache_read_input_tokens: 339300
            total_tokens: 394382
tokens:
    input_tokens: 392813
    output_tokens: 1569
    cache_creation_input_tokens: 53503
    cache_read_input_tokens: 339300
    total_tokens: 394382
cost:
    total_cost_usd: 0
execution:
    pid: 183314
    hostname: Nexus
    started_at: 2026-01-14T21:38:16.227017545-06:00
    last_heartbeat: 2026-01-14T21:38:17.396100049-06:00
