task_id: TASK-160
current_phase: test
current_iteration: 2
status: running
started_at: 2026-01-14T06:42:26.651589-06:00
updated_at: 2026-01-14T06:55:01.003346-06:00
phases:
    implement:
        status: completed
        started_at: 2026-01-14T06:42:27.067223-06:00
        completed_at: 2026-01-14T06:51:00.334042-06:00
        iterations: 1
        commit_sha: 7d545c9a59bc5929f30703ce21484274ad3a8c4e
        tokens:
            input_tokens: 3450384
            output_tokens: 14911
            cache_creation_input_tokens: 140770
            cache_read_input_tokens: 3309515
            total_tokens: 3465295
    test:
        status: completed
        started_at: 2026-01-14T06:51:00.380526-06:00
        completed_at: 2026-01-14T06:55:01.003343-06:00
        iterations: 1
        tokens:
            input_tokens: 563917
            output_tokens: 2631
            cache_creation_input_tokens: 11354
            cache_read_input_tokens: 552551
            total_tokens: 566548
gates:
    - phase: implement
      gate_type: auto
      approved: true
      reason: auto-approved on success
      timestamp: 2026-01-14T06:51:00.380522-06:00
tokens:
    input_tokens: 4014301
    output_tokens: 17542
    cache_creation_input_tokens: 152124
    cache_read_input_tokens: 3862066
    total_tokens: 4031843
cost:
    total_cost_usd: 0
execution:
    pid: 51690
    hostname: MacBook-Air.local
    started_at: 2026-01-14T06:42:26.668965-06:00
    last_heartbeat: 2026-01-14T06:51:00.380531-06:00
