task_id: TASK-160
current_phase: implement
current_iteration: 1
status: running
started_at: 2026-01-14T06:42:26.651589-06:00
updated_at: 2026-01-14T06:51:00.334044-06:00
phases:
    implement:
        status: completed
        started_at: 2026-01-14T06:42:27.067223-06:00
        completed_at: 2026-01-14T06:51:00.334042-06:00
        iterations: 1
        commit_sha: 7d545c9a59bc5929f30703ce21484274ad3a8c4e
        tokens:
            input_tokens: 3450384
            output_tokens: 14911
            cache_creation_input_tokens: 140770
            cache_read_input_tokens: 3309515
            total_tokens: 3465295
tokens:
    input_tokens: 3450384
    output_tokens: 14911
    cache_creation_input_tokens: 140770
    cache_read_input_tokens: 3309515
    total_tokens: 3465295
cost:
    total_cost_usd: 0
execution:
    pid: 51690
    hostname: MacBook-Air.local
    started_at: 2026-01-14T06:42:26.668965-06:00
    last_heartbeat: 2026-01-14T06:42:27.067233-06:00
