task_id: TASK-197
current_phase: spec
current_iteration: 1
status: running
started_at: 2026-01-14T21:03:27.216892734-06:00
updated_at: 2026-01-14T21:04:32.876846564-06:00
phases:
    spec:
        status: completed
        started_at: 2026-01-14T21:03:28.389828681-06:00
        completed_at: 2026-01-14T21:04:32.876846003-06:00
        iterations: 1
        commit_sha: 85d2fcb061ac0026247a9a68196c479568b27e57
        tokens:
            input_tokens: 425855
            output_tokens: 2643
            cache_creation_input_tokens: 68573
            cache_read_input_tokens: 356943
            total_tokens: 428498
tokens:
    input_tokens: 425855
    output_tokens: 2643
    cache_creation_input_tokens: 68573
    cache_read_input_tokens: 356943
    total_tokens: 428498
cost:
    total_cost_usd: 0
execution:
    pid: 70871
    hostname: Nexus
    started_at: 2026-01-14T21:03:27.24118228-06:00
    last_heartbeat: 2026-01-14T21:03:28.389830555-06:00
