task_id: TASK-197
current_phase: implement
current_iteration: 3
status: running
started_at: 2026-01-14T21:03:27.216892734-06:00
updated_at: 2026-01-14T21:19:17.993773558-06:00
phases:
    implement:
        status: completed
        started_at: 2026-01-14T21:04:32.901969607-06:00
        completed_at: 2026-01-14T21:19:17.993772766-06:00
        iterations: 2
        commit_sha: b72a53e6add5ead20af3fd31a921f3fa82d5b267
        tokens:
            input_tokens: 14540398
            output_tokens: 67423
            cache_creation_input_tokens: 807952
            cache_read_input_tokens: 13692812
            total_tokens: 14607821
    spec:
        status: completed
        started_at: 2026-01-14T21:03:28.389828681-06:00
        completed_at: 2026-01-14T21:04:32.876846003-06:00
        iterations: 1
        commit_sha: 85d2fcb061ac0026247a9a68196c479568b27e57
        tokens:
            input_tokens: 425855
            output_tokens: 2643
            cache_creation_input_tokens: 68573
            cache_read_input_tokens: 356943
            total_tokens: 428498
gates:
    - phase: spec
      gate_type: auto
      approved: true
      reason: auto-approved on success
      timestamp: 2026-01-14T21:04:32.901968345-06:00
tokens:
    input_tokens: 14966253
    output_tokens: 70066
    cache_creation_input_tokens: 876525
    cache_read_input_tokens: 14049755
    total_tokens: 15036319
cost:
    total_cost_usd: 0
execution:
    pid: 70871
    hostname: Nexus
    started_at: 2026-01-14T21:03:27.24118228-06:00
    last_heartbeat: 2026-01-14T21:04:32.901970899-06:00
