task_id: TASK-195
current_phase: spec
current_iteration: 1
status: running
started_at: 2026-01-14T19:44:09.886937434-06:00
updated_at: 2026-01-14T19:45:09.526497041-06:00
phases:
    spec:
        status: completed
        started_at: 2026-01-14T19:44:11.088317823-06:00
        completed_at: 2026-01-14T19:45:09.52649631-06:00
        iterations: 1
        commit_sha: 4f9a2d239aaf15c53ed50c4a7eb2d32f6ae41ae8
        tokens:
            input_tokens: 416166
            output_tokens: 2889
            cache_creation_input_tokens: 68037
            cache_read_input_tokens: 348120
            total_tokens: 419055
tokens:
    input_tokens: 416166
    output_tokens: 2889
    cache_creation_input_tokens: 68037
    cache_read_input_tokens: 348120
    total_tokens: 419055
cost:
    total_cost_usd: 0
execution:
    pid: 482470
    hostname: Nexus
    started_at: 2026-01-14T19:44:09.91138186-06:00
    last_heartbeat: 2026-01-14T19:44:11.088322041-06:00
