task_id: TASK-195
current_phase: implement
current_iteration: 2
status: running
started_at: 2026-01-14T19:44:09.886937434-06:00
updated_at: 2026-01-14T19:49:18.096620733-06:00
phases:
    implement:
        status: completed
        started_at: 2026-01-14T19:45:09.550939684-06:00
        completed_at: 2026-01-14T19:49:18.096619771-06:00
        iterations: 1
        commit_sha: 028ca0ef34bf2ab4c41352dce1ca75e56434f39b
        tokens:
            input_tokens: 2491913
            output_tokens: 10055
            cache_creation_input_tokens: 101327
            cache_read_input_tokens: 2390552
            total_tokens: 2501968
    spec:
        status: completed
        started_at: 2026-01-14T19:44:11.088317823-06:00
        completed_at: 2026-01-14T19:45:09.52649631-06:00
        iterations: 1
        commit_sha: 4f9a2d239aaf15c53ed50c4a7eb2d32f6ae41ae8
        tokens:
            input_tokens: 416166
            output_tokens: 2889
            cache_creation_input_tokens: 68037
            cache_read_input_tokens: 348120
            total_tokens: 419055
gates:
    - phase: spec
      gate_type: auto
      approved: true
      reason: auto-approved on success
      timestamp: 2026-01-14T19:45:09.550938531-06:00
tokens:
    input_tokens: 2908079
    output_tokens: 12944
    cache_creation_input_tokens: 169364
    cache_read_input_tokens: 2738672
    total_tokens: 2921023
cost:
    total_cost_usd: 0
execution:
    pid: 482470
    hostname: Nexus
    started_at: 2026-01-14T19:44:09.91138186-06:00
    last_heartbeat: 2026-01-14T19:45:09.550940575-06:00
