task_id: TASK-156
current_phase: implement
current_iteration: 2
status: running
started_at: 2026-01-14T05:00:59.976573-06:00
updated_at: 2026-01-14T05:15:28.093719-06:00
phases:
    implement:
        status: completed
        started_at: 2026-01-14T05:05:16.283634-06:00
        completed_at: 2026-01-14T05:15:28.093718-06:00
        iterations: 1
        commit_sha: 074d0683edc94644318b553c8d717ff9901ccef6
        tokens:
            input_tokens: 3262024
            output_tokens: 15269
            cache_creation_input_tokens: 81199
            cache_read_input_tokens: 3180794
            total_tokens: 3277293
    spec:
        status: completed
        started_at: 2026-01-14T05:01:00.287348-06:00
        completed_at: 2026-01-14T05:05:16.24382-06:00
        iterations: 1
        commit_sha: 09d9029b85c4bee0fa272b356c284d77662a5be5
        tokens:
            input_tokens: 518940
            output_tokens: 5182
            cache_creation_input_tokens: 34503
            cache_read_input_tokens: 479808
            total_tokens: 524122
gates:
    - phase: spec
      gate_type: auto
      approved: true
      reason: auto-approved on success
      timestamp: 2026-01-14T05:05:16.283631-06:00
tokens:
    input_tokens: 3780964
    output_tokens: 20451
    cache_creation_input_tokens: 115702
    cache_read_input_tokens: 3660602
    total_tokens: 3801415
cost:
    total_cost_usd: 0
execution:
    pid: 18568
    hostname: MacBook-Air.local
    started_at: 2026-01-14T05:00:59.990686-06:00
    last_heartbeat: 2026-01-14T05:05:16.283645-06:00
