task_id: TASK-156
current_phase: spec
current_iteration: 1
status: running
started_at: 2026-01-14T05:00:59.976573-06:00
updated_at: 2026-01-14T05:05:16.243822-06:00
phases:
    spec:
        status: completed
        started_at: 2026-01-14T05:01:00.287348-06:00
        completed_at: 2026-01-14T05:05:16.24382-06:00
        iterations: 1
        commit_sha: 09d9029b85c4bee0fa272b356c284d77662a5be5
        tokens:
            input_tokens: 518940
            output_tokens: 5182
            cache_creation_input_tokens: 34503
            cache_read_input_tokens: 479808
            total_tokens: 524122
tokens:
    input_tokens: 518940
    output_tokens: 5182
    cache_creation_input_tokens: 34503
    cache_read_input_tokens: 479808
    total_tokens: 524122
cost:
    total_cost_usd: 0
execution:
    pid: 18568
    hostname: MacBook-Air.local
    started_at: 2026-01-14T05:00:59.990686-06:00
    last_heartbeat: 2026-01-14T05:01:00.287354-06:00
