task_id: TASK-156
current_phase: validate
current_iteration: 5
status: completed
started_at: 2026-01-14T05:00:59.976573-06:00
updated_at: 2026-01-14T05:24:31.985745-06:00
completed_at: 2026-01-14T05:24:31.985745-06:00
phases:
    docs:
        status: completed
        started_at: 2026-01-14T05:17:48.79443-06:00
        completed_at: 2026-01-14T05:19:34.011985-06:00
        iterations: 1
        commit_sha: 007c676b90ea1763b059b26ca58ee1e7d685ab53
        tokens:
            input_tokens: 607429
            output_tokens: 1980
            cache_creation_input_tokens: 39431
            cache_read_input_tokens: 567987
            total_tokens: 609409
    implement:
        status: completed
        started_at: 2026-01-14T05:05:16.283634-06:00
        completed_at: 2026-01-14T05:15:28.093718-06:00
        iterations: 1
        commit_sha: 074d0683edc94644318b553c8d717ff9901ccef6
        tokens:
            input_tokens: 3262024
            output_tokens: 15269
            cache_creation_input_tokens: 81199
            cache_read_input_tokens: 3180794
            total_tokens: 3277293
    spec:
        status: completed
        started_at: 2026-01-14T05:01:00.287348-06:00
        completed_at: 2026-01-14T05:05:16.24382-06:00
        iterations: 1
        commit_sha: 09d9029b85c4bee0fa272b356c284d77662a5be5
        tokens:
            input_tokens: 518940
            output_tokens: 5182
            cache_creation_input_tokens: 34503
            cache_read_input_tokens: 479808
            total_tokens: 524122
    test:
        status: completed
        started_at: 2026-01-14T05:15:28.136764-06:00
        completed_at: 2026-01-14T05:17:48.739533-06:00
        iterations: 1
        tokens:
            input_tokens: 386382
            output_tokens: 1370
            cache_creation_input_tokens: 12450
            cache_read_input_tokens: 368453
            total_tokens: 387752
    validate:
        status: completed
        started_at: 2026-01-14T05:19:34.060261-06:00
        completed_at: 2026-01-14T05:24:31.933375-06:00
        iterations: 1
        tokens:
            input_tokens: 1711676
            output_tokens: 5425
            cache_creation_input_tokens: 74429
            cache_read_input_tokens: 1636857
            total_tokens: 1717101
gates:
    - phase: spec
      gate_type: auto
      approved: true
      reason: auto-approved on success
      timestamp: 2026-01-14T05:05:16.283631-06:00
    - phase: implement
      gate_type: auto
      approved: true
      reason: auto-approved on success
      timestamp: 2026-01-14T05:15:28.136759-06:00
    - phase: test
      gate_type: auto
      approved: true
      reason: auto-approved on success
      timestamp: 2026-01-14T05:17:48.794421-06:00
    - phase: docs
      gate_type: auto
      approved: true
      reason: auto-approved on success
      timestamp: 2026-01-14T05:19:34.060256-06:00
    - phase: validate
      gate_type: auto
      approved: true
      reason: auto-approved on success
      timestamp: 2026-01-14T05:24:31.985737-06:00
tokens:
    input_tokens: 6486451
    output_tokens: 29226
    cache_creation_input_tokens: 242012
    cache_read_input_tokens: 6233899
    total_tokens: 6515677
cost:
    total_cost_usd: 0
