task_id: TASK-196
current_phase: implement
current_iteration: 2
status: running
started_at: 2026-01-14T19:56:13.213305894-06:00
updated_at: 2026-01-14T20:01:43.17793634-06:00
phases:
    implement:
        status: completed
        started_at: 2026-01-14T19:57:59.275998387-06:00
        completed_at: 2026-01-14T20:01:43.177934837-06:00
        iterations: 1
        commit_sha: 7053ce35f54b1b160e0f17dd6d754e9374452e4e
        tokens:
            input_tokens: 1832849
            output_tokens: 7868
            cache_creation_input_tokens: 80856
            cache_read_input_tokens: 1751967
            total_tokens: 1840717
    spec:
        status: completed
        started_at: 2026-01-14T19:56:14.412240286-06:00
        completed_at: 2026-01-14T19:57:59.249064111-06:00
        iterations: 1
        commit_sha: ed351147ffb49e69780c7123abdfeca8403a25f2
        tokens:
            input_tokens: 501732
            output_tokens: 2583
            cache_creation_input_tokens: 51335
            cache_read_input_tokens: 450386
            total_tokens: 504315
gates:
    - phase: spec
      gate_type: auto
      approved: true
      reason: auto-approved on success
      timestamp: 2026-01-14T19:57:59.275996794-06:00
tokens:
    input_tokens: 2334581
    output_tokens: 10451
    cache_creation_input_tokens: 132191
    cache_read_input_tokens: 2202353
    total_tokens: 2345032
cost:
    total_cost_usd: 0
execution:
    pid: 518845
    hostname: Nexus
    started_at: 2026-01-14T19:56:13.240177001-06:00
    last_heartbeat: 2026-01-14T19:57:59.275999549-06:00
