task_id: TASK-196
current_phase: spec
current_iteration: 1
status: running
started_at: 2026-01-14T19:56:13.213305894-06:00
updated_at: 2026-01-14T19:57:59.249064952-06:00
phases:
    spec:
        status: completed
        started_at: 2026-01-14T19:56:14.412240286-06:00
        completed_at: 2026-01-14T19:57:59.249064111-06:00
        iterations: 1
        commit_sha: ed351147ffb49e69780c7123abdfeca8403a25f2
        tokens:
            input_tokens: 501732
            output_tokens: 2583
            cache_creation_input_tokens: 51335
            cache_read_input_tokens: 450386
            total_tokens: 504315
tokens:
    input_tokens: 501732
    output_tokens: 2583
    cache_creation_input_tokens: 51335
    cache_read_input_tokens: 450386
    total_tokens: 504315
cost:
    total_cost_usd: 0
execution:
    pid: 518845
    hostname: Nexus
    started_at: 2026-01-14T19:56:13.240177001-06:00
    last_heartbeat: 2026-01-14T19:56:14.4122424-06:00
