task_id: TASK-178
current_phase: test
current_iteration: 2
status: running
started_at: 2026-01-14T21:38:13.75861391-06:00
updated_at: 2026-01-14T21:50:12.487322329-06:00
phases:
    implement:
        status: completed
        started_at: 2026-01-14T21:38:14.939780405-06:00
        completed_at: 2026-01-14T21:47:25.613092834-06:00
        iterations: 1
        commit_sha: 4b3e63bf5a0d3764b5835f1201121e49626a1c4b
        tokens:
            input_tokens: 7789466
            output_tokens: 22749
            cache_creation_input_tokens: 394792
            cache_read_input_tokens: 7389916
            total_tokens: 7812215
    test:
        status: completed
        started_at: 2026-01-14T21:47:25.643001495-06:00
        completed_at: 2026-01-14T21:50:12.487321628-06:00
        iterations: 1
        commit_sha: 6e998cee88e5ac852304aacec46a6fbe997f1e51
        tokens:
            input_tokens: 1394781
            output_tokens: 4021
            cache_creation_input_tokens: 79627
            cache_read_input_tokens: 1302834
            total_tokens: 1398802
gates:
    - phase: implement
      gate_type: auto
      approved: true
      reason: auto-approved on success
      timestamp: 2026-01-14T21:47:25.642998499-06:00
tokens:
    input_tokens: 9184247
    output_tokens: 26770
    cache_creation_input_tokens: 474419
    cache_read_input_tokens: 8692750
    total_tokens: 9211017
cost:
    total_cost_usd: 0
execution:
    pid: 183072
    hostname: Nexus
    started_at: 2026-01-14T21:38:13.811049688-06:00
    last_heartbeat: 2026-01-14T21:47:25.643003308-06:00
