task_id: TASK-154
current_phase: test
current_iteration: 3
status: running
started_at: 2026-01-14T04:06:37.042906-06:00
updated_at: 2026-01-14T04:28:39.764457-06:00
phases:
    implement:
        status: completed
        started_at: 2026-01-14T04:12:14.256645-06:00
        completed_at: 2026-01-14T04:25:33.595117-06:00
        iterations: 1
        commit_sha: 8ceb35fc6135ec4b5192497932045405b9942982
        tokens:
            input_tokens: 8811883
            output_tokens: 28038
            cache_creation_input_tokens: 134856
            cache_read_input_tokens: 8676913
            total_tokens: 8839921
    spec:
        status: completed
        started_at: 2026-01-14T04:06:37.355171-06:00
        completed_at: 2026-01-14T04:12:14.215751-06:00
        iterations: 1
        commit_sha: 14529a3aa7d9616ae8125f78121f0a57300a1f86
        tokens:
            input_tokens: 354783
            output_tokens: 4843
            cache_creation_input_tokens: 58685
            cache_read_input_tokens: 294530
            total_tokens: 359626
    test:
        status: completed
        started_at: 2026-01-14T04:25:33.639379-06:00
        completed_at: 2026-01-14T04:28:39.764451-06:00
        iterations: 1
        tokens:
            input_tokens: 1076087
            output_tokens: 3143
            cache_creation_input_tokens: 58305
            cache_read_input_tokens: 1017764
            total_tokens: 1079230
gates:
    - phase: spec
      gate_type: auto
      approved: true
      reason: auto-approved on success
      timestamp: 2026-01-14T04:12:14.256639-06:00
    - phase: implement
      gate_type: auto
      approved: true
      reason: auto-approved on success
      timestamp: 2026-01-14T04:25:33.639373-06:00
tokens:
    input_tokens: 10242753
    output_tokens: 36024
    cache_creation_input_tokens: 251846
    cache_read_input_tokens: 9989207
    total_tokens: 10278777
cost:
    total_cost_usd: 0
execution:
    pid: 95198
    hostname: Mac.localdomain
    started_at: 2026-01-14T04:06:37.057695-06:00
    last_heartbeat: 2026-01-14T04:25:33.639382-06:00
