task_id: TASK-154
current_phase: validate
current_iteration: 5
status: running
started_at: 2026-01-14T04:06:37.042906-06:00
updated_at: 2026-01-14T04:36:24.249887-06:00
phases:
    docs:
        status: completed
        started_at: 2026-01-14T04:28:39.811247-06:00
        completed_at: 2026-01-14T04:30:12.800103-06:00
        iterations: 1
        commit_sha: 7e04969f86f429f187fc829218b1dea9483f8fbe
        tokens:
            input_tokens: 902579
            output_tokens: 3515
            cache_creation_input_tokens: 51184
            cache_read_input_tokens: 851014
            total_tokens: 906094
    implement:
        status: completed
        started_at: 2026-01-14T04:12:14.256645-06:00
        completed_at: 2026-01-14T04:25:33.595117-06:00
        iterations: 1
        commit_sha: 8ceb35fc6135ec4b5192497932045405b9942982
        tokens:
            input_tokens: 8811883
            output_tokens: 28038
            cache_creation_input_tokens: 134856
            cache_read_input_tokens: 8676913
            total_tokens: 8839921
    spec:
        status: completed
        started_at: 2026-01-14T04:06:37.355171-06:00
        completed_at: 2026-01-14T04:12:14.215751-06:00
        iterations: 1
        commit_sha: 14529a3aa7d9616ae8125f78121f0a57300a1f86
        tokens:
            input_tokens: 354783
            output_tokens: 4843
            cache_creation_input_tokens: 58685
            cache_read_input_tokens: 294530
            total_tokens: 359626
    test:
        status: completed
        started_at: 2026-01-14T04:25:33.639379-06:00
        completed_at: 2026-01-14T04:28:39.764451-06:00
        iterations: 1
        tokens:
            input_tokens: 1076087
            output_tokens: 3143
            cache_creation_input_tokens: 58305
            cache_read_input_tokens: 1017764
            total_tokens: 1079230
    validate:
        status: completed
        started_at: 2026-01-14T04:30:12.842931-06:00
        completed_at: 2026-01-14T04:36:24.249885-06:00
        iterations: 1
        tokens:
            input_tokens: 1624386
            output_tokens: 5096
            cache_creation_input_tokens: 47856
            cache_read_input_tokens: 1576464
            total_tokens: 1629482
gates:
    - phase: spec
      gate_type: auto
      approved: true
      reason: auto-approved on success
      timestamp: 2026-01-14T04:12:14.256639-06:00
    - phase: implement
      gate_type: auto
      approved: true
      reason: auto-approved on success
      timestamp: 2026-01-14T04:25:33.639373-06:00
    - phase: test
      gate_type: auto
      approved: true
      reason: auto-approved on success
      timestamp: 2026-01-14T04:28:39.811237-06:00
    - phase: docs
      gate_type: auto
      approved: true
      reason: auto-approved on success
      timestamp: 2026-01-14T04:30:12.842925-06:00
tokens:
    input_tokens: 12769718
    output_tokens: 44635
    cache_creation_input_tokens: 350886
    cache_read_input_tokens: 12416685
    total_tokens: 12814353
cost:
    total_cost_usd: 0
execution:
    pid: 95198
    hostname: Mac.localdomain
    started_at: 2026-01-14T04:06:37.057695-06:00
    last_heartbeat: 2026-01-14T04:30:12.842937-06:00
