task_id: TASK-154
current_phase: spec
current_iteration: 1
status: running
started_at: 2026-01-14T04:06:37.042906-06:00
updated_at: 2026-01-14T04:12:14.215754-06:00
phases:
    spec:
        status: completed
        started_at: 2026-01-14T04:06:37.355171-06:00
        completed_at: 2026-01-14T04:12:14.215751-06:00
        iterations: 1
        commit_sha: 14529a3aa7d9616ae8125f78121f0a57300a1f86
        tokens:
            input_tokens: 354783
            output_tokens: 4843
            cache_creation_input_tokens: 58685
            cache_read_input_tokens: 294530
            total_tokens: 359626
tokens:
    input_tokens: 354783
    output_tokens: 4843
    cache_creation_input_tokens: 58685
    cache_read_input_tokens: 294530
    total_tokens: 359626
cost:
    total_cost_usd: 0
execution:
    pid: 95198
    hostname: Mac.localdomain
    started_at: 2026-01-14T04:06:37.057695-06:00
    last_heartbeat: 2026-01-14T04:06:37.355182-06:00
