task_id: TASK-176
current_phase: spec
current_iteration: 1
status: running
started_at: 2026-01-14T15:51:19.9528-06:00
updated_at: 2026-01-14T15:55:09.016425-06:00
phases:
    spec:
        status: completed
        started_at: 2026-01-14T15:51:21.14365-06:00
        completed_at: 2026-01-14T15:55:09.016421-06:00
        iterations: 1
        commit_sha: 512468150bafdc42019cd42735425c5f93ffb22f
        tokens:
            input_tokens: 1220990
            output_tokens: 6164
            cache_creation_input_tokens: 206639
            cache_read_input_tokens: 991334
            total_tokens: 1227154
tokens:
    input_tokens: 1220990
    output_tokens: 6164
    cache_creation_input_tokens: 206639
    cache_read_input_tokens: 991334
    total_tokens: 1227154
cost:
    total_cost_usd: 0
execution:
    pid: 44493
    hostname: Mac.localdomain
    started_at: 2026-01-14T15:51:19.976229-06:00
    last_heartbeat: 2026-01-14T15:51:21.143656-06:00
