task_id: TASK-177
current_phase: test
current_iteration: 3
status: running
started_at: 2026-01-14T15:51:20.149318-06:00
updated_at: 2026-01-14T20:36:57.707434922-06:00
phases:
    implement:
        status: completed
        started_at: 2026-01-14T19:44:11.571254928-06:00
        completed_at: 2026-01-14T20:30:25.488220375-06:00
        iterations: 1
        commit_sha: 3c3117cd279e15eec4e2d26ff0efe46d25acc68a
        tokens:
            input_tokens: 25931593
            output_tokens: 184237
            cache_creation_input_tokens: 1172863
            cache_read_input_tokens: 24749185
            total_tokens: 26115830
    spec:
        status: completed
        started_at: 2026-01-14T15:51:21.210519-06:00
        completed_at: 2026-01-14T15:55:44.617532-06:00
        iterations: 1
        commit_sha: 669e26a9d620e5cb453e5513a038e5283c9d112b
        tokens:
            input_tokens: 711857
            output_tokens: 9839
            cache_creation_input_tokens: 86897
            cache_read_input_tokens: 616196
            total_tokens: 721696
    test:
        status: completed
        started_at: 2026-01-14T20:30:25.514689203-06:00
        completed_at: 2026-01-14T20:36:57.70743371-06:00
        iterations: 1
        commit_sha: 902a1aaadb8bb1c3e2faec6adc22fa3ee03aebfa
        tokens:
            input_tokens: 5210295
            output_tokens: 8542
            cache_creation_input_tokens: 134583
            cache_read_input_tokens: 5075235
            total_tokens: 5218837
gates:
    - phase: spec
      gate_type: auto
      approved: true
      reason: auto-approved on success
      timestamp: 2026-01-14T15:55:44.669136-06:00
    - phase: implement
      gate_type: auto
      approved: true
      reason: auto-approved on success
      timestamp: 2026-01-14T20:30:25.51468771-06:00
tokens:
    input_tokens: 31853745
    output_tokens: 202618
    cache_creation_input_tokens: 1394343
    cache_read_input_tokens: 30440616
    total_tokens: 32056363
cost:
    total_cost_usd: 0
execution:
    pid: 482546
    hostname: Nexus
    started_at: 2026-01-14T19:44:10.385510253-06:00
    last_heartbeat: 2026-01-14T20:30:25.514689914-06:00
