task_id: TASK-177
current_phase: validate
current_iteration: 4
status: running
started_at: 2026-01-14T15:51:20.149318-06:00
updated_at: 2026-01-14T20:54:06.785630786-06:00
phases:
    docs:
        status: completed
        started_at: 2026-01-14T20:36:57.763185895-06:00
        completed_at: 2026-01-14T20:41:55.237364437-06:00
        iterations: 1
        commit_sha: b06c0d2aa7013e1ad621823eb1ffaff9a9094674
        tokens:
            input_tokens: 1720960
            output_tokens: 9542
            cache_creation_input_tokens: 136375
            cache_read_input_tokens: 1583409
            total_tokens: 1730502
    implement:
        status: completed
        started_at: 2026-01-14T19:44:11.571254928-06:00
        completed_at: 2026-01-14T20:30:25.488220375-06:00
        iterations: 1
        commit_sha: 3c3117cd279e15eec4e2d26ff0efe46d25acc68a
        tokens:
            input_tokens: 25931593
            output_tokens: 184237
            cache_creation_input_tokens: 1172863
            cache_read_input_tokens: 24749185
            total_tokens: 26115830
    spec:
        status: completed
        started_at: 2026-01-14T15:51:21.210519-06:00
        completed_at: 2026-01-14T15:55:44.617532-06:00
        iterations: 1
        commit_sha: 669e26a9d620e5cb453e5513a038e5283c9d112b
        tokens:
            input_tokens: 711857
            output_tokens: 9839
            cache_creation_input_tokens: 86897
            cache_read_input_tokens: 616196
            total_tokens: 721696
    test:
        status: completed
        started_at: 2026-01-14T20:30:25.514689203-06:00
        completed_at: 2026-01-14T20:36:57.70743371-06:00
        iterations: 1
        commit_sha: 902a1aaadb8bb1c3e2faec6adc22fa3ee03aebfa
        tokens:
            input_tokens: 5210295
            output_tokens: 8542
            cache_creation_input_tokens: 134583
            cache_read_input_tokens: 5075235
            total_tokens: 5218837
    validate:
        status: running
        started_at: 2026-01-14T20:54:06.785630064-06:00
        iterations: 0
        tokens:
            input_tokens: 0
            output_tokens: 0
            total_tokens: 0
gates:
    - phase: spec
      gate_type: auto
      approved: true
      reason: auto-approved on success
      timestamp: 2026-01-14T15:55:44.669136-06:00
    - phase: implement
      gate_type: auto
      approved: true
      reason: auto-approved on success
      timestamp: 2026-01-14T20:30:25.51468771-06:00
    - phase: test
      gate_type: auto
      approved: true
      reason: auto-approved on success
      timestamp: 2026-01-14T20:36:57.763182078-06:00
    - phase: docs
      gate_type: auto
      approved: true
      reason: auto-approved on success
      timestamp: 2026-01-14T20:41:55.276395526-06:00
tokens:
    input_tokens: 33574705
    output_tokens: 212160
    cache_creation_input_tokens: 1530718
    cache_read_input_tokens: 32024025
    total_tokens: 33786865
cost:
    total_cost_usd: 0
execution:
    pid: 38956
    hostname: Nexus
    started_at: 2026-01-14T20:54:05.997848383-06:00
    last_heartbeat: 2026-01-14T20:54:06.785630565-06:00
error: |-
    sync conflict detected: task branch has 0 files in conflict with target
      Conflicting files: []
      Resolution options:
        1. Run with sync_on_start: false and resolve conflicts during finalize
        2. Manually rebase the task branch and retry
        3. Set completion.sync.fail_on_conflict: false to proceed anyway
