task_id: TASK-177
current_phase: spec
current_iteration: 1
status: running
started_at: 2026-01-14T15:51:20.149318-06:00
updated_at: 2026-01-14T15:55:44.617535-06:00
phases:
    spec:
        status: completed
        started_at: 2026-01-14T15:51:21.210519-06:00
        completed_at: 2026-01-14T15:55:44.617532-06:00
        iterations: 1
        commit_sha: 669e26a9d620e5cb453e5513a038e5283c9d112b
        tokens:
            input_tokens: 711857
            output_tokens: 9839
            cache_creation_input_tokens: 86897
            cache_read_input_tokens: 616196
            total_tokens: 721696
tokens:
    input_tokens: 711857
    output_tokens: 9839
    cache_creation_input_tokens: 86897
    cache_read_input_tokens: 616196
    total_tokens: 721696
cost:
    total_cost_usd: 0
execution:
    pid: 44543
    hostname: Mac.localdomain
    started_at: 2026-01-14T15:51:20.166845-06:00
    last_heartbeat: 2026-01-14T15:51:21.210523-06:00
