task_id: TASK-168
current_phase: implement
current_iteration: 1
status: running
started_at: 2026-01-14T12:14:52.030515-06:00
updated_at: 2026-01-14T12:23:23.495255-06:00
phases:
    implement:
        status: completed
        started_at: 2026-01-14T12:14:53.134801-06:00
        completed_at: 2026-01-14T12:23:23.495253-06:00
        iterations: 1
        commit_sha: ae03b9cdcf13f84e019f82af0ceb798ec9a5896c
        tokens:
            input_tokens: 4519930
            output_tokens: 29147
            cache_creation_input_tokens: 97128
            cache_read_input_tokens: 4417979
            total_tokens: 4549077
tokens:
    input_tokens: 4519930
    output_tokens: 29147
    cache_creation_input_tokens: 97128
    cache_read_input_tokens: 4417979
    total_tokens: 4549077
cost:
    total_cost_usd: 0
execution:
    pid: 43909
    hostname: Mac.localdomain
    started_at: 2026-01-14T12:14:52.048646-06:00
    last_heartbeat: 2026-01-14T12:14:53.134808-06:00
