task_id: TASK-158
current_phase: test
current_iteration: 2
status: running
started_at: 2026-01-14T06:02:47.975025-06:00
updated_at: 2026-01-14T06:20:08.166136-06:00
phases:
    implement:
        status: completed
        started_at: 2026-01-14T06:02:48.352327-06:00
        completed_at: 2026-01-14T06:14:12.434447-06:00
        iterations: 1
        commit_sha: 9f9114681b01fc718cc9dd6fd3db4e44b3b7c95c
        tokens:
            input_tokens: 5193506
            output_tokens: 20655
            cache_creation_input_tokens: 91235
            cache_read_input_tokens: 5099908
            total_tokens: 5214161
    test:
        status: completed
        started_at: 2026-01-14T06:14:12.4775-06:00
        completed_at: 2026-01-14T06:20:08.166132-06:00
        iterations: 1
        tokens:
            input_tokens: 2949082
            output_tokens: 5784
            cache_creation_input_tokens: 79141
            cache_read_input_tokens: 2867995
            total_tokens: 2954866
gates:
    - phase: implement
      gate_type: auto
      approved: true
      reason: auto-approved on success
      timestamp: 2026-01-14T06:14:12.477497-06:00
tokens:
    input_tokens: 8142588
    output_tokens: 26439
    cache_creation_input_tokens: 170376
    cache_read_input_tokens: 7967903
    total_tokens: 8169027
cost:
    total_cost_usd: 0
execution:
    pid: 39281
    hostname: MacBook-Air.local
    started_at: 2026-01-14T06:02:47.9938-06:00
    last_heartbeat: 2026-01-14T06:14:12.477507-06:00
