task_id: TASK-158
current_phase: implement
current_iteration: 1
status: running
started_at: 2026-01-14T06:02:47.975025-06:00
updated_at: 2026-01-14T06:14:12.434449-06:00
phases:
    implement:
        status: completed
        started_at: 2026-01-14T06:02:48.352327-06:00
        completed_at: 2026-01-14T06:14:12.434447-06:00
        iterations: 1
        commit_sha: 9f9114681b01fc718cc9dd6fd3db4e44b3b7c95c
        tokens:
            input_tokens: 5193506
            output_tokens: 20655
            cache_creation_input_tokens: 91235
            cache_read_input_tokens: 5099908
            total_tokens: 5214161
tokens:
    input_tokens: 5193506
    output_tokens: 20655
    cache_creation_input_tokens: 91235
    cache_read_input_tokens: 5099908
    total_tokens: 5214161
cost:
    total_cost_usd: 0
execution:
    pid: 39281
    hostname: MacBook-Air.local
    started_at: 2026-01-14T06:02:47.9938-06:00
    last_heartbeat: 2026-01-14T06:02:48.352331-06:00
