task_id: TASK-166
current_phase: implement
current_iteration: 1
status: running
started_at: 2026-01-14T11:39:52.566316-06:00
updated_at: 2026-01-14T11:56:14.184211-06:00
phases:
    implement:
        status: completed
        started_at: 2026-01-14T11:39:52.919184-06:00
        completed_at: 2026-01-14T11:56:14.184203-06:00
        iterations: 1
        commit_sha: 8900805b6a1b21b333ad4f7d12add393875cfb3c
        tokens:
            input_tokens: 8610400
            output_tokens: 42966
            cache_creation_input_tokens: 187922
            cache_read_input_tokens: 8415722
            total_tokens: 8653366
tokens:
    input_tokens: 8610400
    output_tokens: 42966
    cache_creation_input_tokens: 187922
    cache_read_input_tokens: 8415722
    total_tokens: 8653366
cost:
    total_cost_usd: 0
execution:
    pid: 35513
    hostname: MacBook-Air.local
    started_at: 2026-01-14T11:39:52.591654-06:00
    last_heartbeat: 2026-01-14T11:39:52.919191-06:00
