task_id: TASK-166
current_phase: test
current_iteration: 2
status: running
started_at: 2026-01-14T11:39:52.566316-06:00
updated_at: 2026-01-14T12:01:02.155636-06:00
phases:
    implement:
        status: completed
        started_at: 2026-01-14T11:39:52.919184-06:00
        completed_at: 2026-01-14T11:56:14.184203-06:00
        iterations: 1
        commit_sha: 8900805b6a1b21b333ad4f7d12add393875cfb3c
        tokens:
            input_tokens: 8610400
            output_tokens: 42966
            cache_creation_input_tokens: 187922
            cache_read_input_tokens: 8415722
            total_tokens: 8653366
    test:
        status: completed
        started_at: 2026-01-14T11:56:14.334084-06:00
        completed_at: 2026-01-14T12:01:02.155523-06:00
        iterations: 1
        tokens:
            input_tokens: 1875043
            output_tokens: 5132
            cache_creation_input_tokens: 61445
            cache_read_input_tokens: 1811612
            total_tokens: 1880175
gates:
    - phase: implement
      gate_type: auto
      approved: true
      reason: auto-approved on success
      timestamp: 2026-01-14T11:56:14.334067-06:00
tokens:
    input_tokens: 10485443
    output_tokens: 48098
    cache_creation_input_tokens: 249367
    cache_read_input_tokens: 10227334
    total_tokens: 10533541
cost:
    total_cost_usd: 0
execution:
    pid: 35513
    hostname: MacBook-Air.local
    started_at: 2026-01-14T11:39:52.591654-06:00
    last_heartbeat: 2026-01-14T11:56:14.334107-06:00
