task_id: TASK-161
current_phase: implement
current_iteration: 1
status: running
started_at: 2026-01-14T06:57:36.478798-06:00
updated_at: 2026-01-14T07:05:20.409227-06:00
phases:
    implement:
        status: completed
        started_at: 2026-01-14T06:57:36.896693-06:00
        completed_at: 2026-01-14T07:05:20.409226-06:00
        iterations: 1
        commit_sha: b3b07a8d5041f6956e5fa8c2dd7255fef81d0741
        tokens:
            input_tokens: 1992344
            output_tokens: 14976
            cache_creation_input_tokens: 84939
            cache_read_input_tokens: 1897676
            total_tokens: 2007320
tokens:
    input_tokens: 1992344
    output_tokens: 14976
    cache_creation_input_tokens: 84939
    cache_read_input_tokens: 1897676
    total_tokens: 2007320
cost:
    total_cost_usd: 0
execution:
    pid: 55861
    hostname: MacBook-Air.local
    started_at: 2026-01-14T06:57:36.496259-06:00
    last_heartbeat: 2026-01-14T06:57:36.896697-06:00
