task_id: TASK-161
current_phase: test
current_iteration: 2
status: running
started_at: 2026-01-14T06:57:36.478798-06:00
updated_at: 2026-01-14T07:14:04.427475-06:00
phases:
    implement:
        status: completed
        started_at: 2026-01-14T06:57:36.896693-06:00
        completed_at: 2026-01-14T07:05:20.409226-06:00
        iterations: 1
        commit_sha: b3b07a8d5041f6956e5fa8c2dd7255fef81d0741
        tokens:
            input_tokens: 1992344
            output_tokens: 14976
            cache_creation_input_tokens: 84939
            cache_read_input_tokens: 1897676
            total_tokens: 2007320
    test:
        status: completed
        started_at: 2026-01-14T07:05:20.456103-06:00
        completed_at: 2026-01-14T07:14:04.427472-06:00
        iterations: 1
        commit_sha: 66bbab6a3af4232a531c56eec6e79522f9cf6f06
        tokens:
            input_tokens: 1289831
            output_tokens: 4034
            cache_creation_input_tokens: 28694
            cache_read_input_tokens: 1261115
            total_tokens: 1293865
gates:
    - phase: implement
      gate_type: auto
      approved: true
      reason: auto-approved on success
      timestamp: 2026-01-14T07:05:20.456085-06:00
tokens:
    input_tokens: 3282175
    output_tokens: 19010
    cache_creation_input_tokens: 113633
    cache_read_input_tokens: 3158791
    total_tokens: 3301185
cost:
    total_cost_usd: 0
execution:
    pid: 55861
    hostname: MacBook-Air.local
    started_at: 2026-01-14T06:57:36.496259-06:00
    last_heartbeat: 2026-01-14T07:05:20.456111-06:00
