task_id: TASK-161
current_phase: test
current_iteration: 2
status: running
started_at: 2026-01-14T22:00:44.403042023-06:00
updated_at: 2026-01-14T22:07:26.517931733-06:00
phases:
    implement:
        status: completed
        started_at: 2026-01-14T22:00:45.590627961-06:00
        completed_at: 2026-01-14T22:04:08.704825556-06:00
        iterations: 1
        commit_sha: 75b2cbb9af8e001e3d6acef1de462d37e4c352d4
        tokens:
            input_tokens: 1005037
            output_tokens: 2950
            cache_creation_input_tokens: 50029
            cache_read_input_tokens: 954916
            total_tokens: 1007987
    test:
        status: completed
        started_at: 2026-01-14T22:04:08.729020215-06:00
        completed_at: 2026-01-14T22:07:26.517930981-06:00
        iterations: 1
        commit_sha: f67b89760322943bcc29feb0c2578b5402adf098
        tokens:
            input_tokens: 1766344
            output_tokens: 4877
            cache_creation_input_tokens: 91403
            cache_read_input_tokens: 1674913
            total_tokens: 1771221
gates:
    - phase: implement
      gate_type: auto
      approved: true
      reason: auto-approved on success
      timestamp: 2026-01-14T22:04:08.729018161-06:00
tokens:
    input_tokens: 2771381
    output_tokens: 7827
    cache_creation_input_tokens: 141432
    cache_read_input_tokens: 2629829
    total_tokens: 2779208
cost:
    total_cost_usd: 0
execution:
    pid: 292523
    hostname: Nexus
    started_at: 2026-01-14T22:00:44.457462755-06:00
    last_heartbeat: 2026-01-14T22:04:08.729021748-06:00
