task_id: TASK-172
current_phase: spec
current_iteration: 1
status: running
started_at: 2026-01-14T13:08:17.491731-06:00
updated_at: 2026-01-14T13:11:58.503598-06:00
phases:
    spec:
        status: completed
        started_at: 2026-01-14T13:08:18.635633-06:00
        completed_at: 2026-01-14T13:11:58.503594-06:00
        iterations: 1
        commit_sha: a8bdabbf54a06f91eba67ce7c34aa916509fdd5f
        tokens:
            input_tokens: 568276
            output_tokens: 8499
            cache_creation_input_tokens: 91371
            cache_read_input_tokens: 470278
            total_tokens: 576775
tokens:
    input_tokens: 568276
    output_tokens: 8499
    cache_creation_input_tokens: 91371
    cache_read_input_tokens: 470278
    total_tokens: 576775
cost:
    total_cost_usd: 0
execution:
    pid: 55729
    hostname: Mac.localdomain
    started_at: 2026-01-14T13:08:17.506533-06:00
    last_heartbeat: 2026-01-14T13:08:18.635654-06:00
