task_id: TASK-169
current_phase: implement
current_iteration: 1
status: running
started_at: 2026-01-14T12:28:00.140439-06:00
updated_at: 2026-01-14T12:36:41.156958-06:00
phases:
    implement:
        status: completed
        started_at: 2026-01-14T12:28:01.252408-06:00
        completed_at: 2026-01-14T12:36:41.156956-06:00
        iterations: 1
        commit_sha: c0f261b8dfc2bca1422bd1d722625304e4a1fbed
        tokens:
            input_tokens: 5519502
            output_tokens: 31336
            cache_creation_input_tokens: 211515
            cache_read_input_tokens: 5291971
            total_tokens: 5550838
tokens:
    input_tokens: 5519502
    output_tokens: 31336
    cache_creation_input_tokens: 211515
    cache_read_input_tokens: 5291971
    total_tokens: 5550838
cost:
    total_cost_usd: 0
execution:
    pid: 46879
    hostname: Mac.localdomain
    started_at: 2026-01-14T12:28:00.157665-06:00
    last_heartbeat: 2026-01-14T12:28:01.252416-06:00
