task_id: TASK-001
current_phase: implement
current_iteration: 0
status: interrupted
started_at: 2026-01-10T16:58:12.1173718-06:00
updated_at: 2026-01-10T16:58:12.11738223-06:00
phases:
    implement:
        status: interrupted
        started_at: 2026-01-10T16:58:12.117372331-06:00
        interrupted_at: 2026-01-10T16:58:12.117374044-06:00
        iterations: 0
        tokens:
            input_tokens: 0
            output_tokens: 0
            total_tokens: 0
tokens:
    input_tokens: 0
    output_tokens: 0
    total_tokens: 0
