task_id: TASK-001
current_phase: implement
current_iteration: 0
status: interrupted
started_at: 2026-01-10T17:19:50.096185352-06:00
updated_at: 2026-01-10T17:19:50.096197886-06:00
phases:
    implement:
        status: interrupted
        started_at: 2026-01-10T17:19:50.096186244-06:00
        interrupted_at: 2026-01-10T17:19:50.096188117-06:00
        iterations: 0
        tokens:
            input_tokens: 0
            output_tokens: 0
            total_tokens: 0
tokens:
    input_tokens: 0
    output_tokens: 0
    total_tokens: 0
