task_id: TASK-001
current_phase: implement
current_iteration: 0
status: interrupted
started_at: 2026-01-10T18:00:07.914894922-06:00
updated_at: 2026-01-10T18:00:07.914918316-06:00
phases:
    implement:
        status: interrupted
        started_at: 2026-01-10T18:00:07.914896244-06:00
        interrupted_at: 2026-01-10T18:00:07.914902626-06:00
        iterations: 0
        tokens:
            input_tokens: 0
            output_tokens: 0
            total_tokens: 0
tokens:
    input_tokens: 0
    output_tokens: 0
    total_tokens: 0
