task_id: TASK-001
current_phase: implement
current_iteration: 0
status: interrupted
started_at: 2026-01-10T14:32:10.047074666-06:00
updated_at: 2026-01-10T14:32:10.047089684-06:00
phases:
    implement:
        status: interrupted
        started_at: 2026-01-10T14:32:10.047075237-06:00
        interrupted_at: 2026-01-10T14:32:10.04707707-06:00
        iterations: 0
        tokens:
            input_tokens: 0
            output_tokens: 0
            total_tokens: 0
tokens:
    input_tokens: 0
    output_tokens: 0
    total_tokens: 0
