task_id: TASK-001
current_phase: implement
current_iteration: 0
status: interrupted
started_at: 2026-01-10T16:57:51.103586934-06:00
updated_at: 2026-01-10T16:57:51.103602073-06:00
phases:
    implement:
        status: interrupted
        started_at: 2026-01-10T16:57:51.103587826-06:00
        interrupted_at: 2026-01-10T16:57:51.103589288-06:00
        iterations: 0
        tokens:
            input_tokens: 0
            output_tokens: 0
            total_tokens: 0
tokens:
    input_tokens: 0
    output_tokens: 0
    total_tokens: 0
