task_id: TASK-001
current_phase: implement
current_iteration: 0
status: interrupted
started_at: 2026-01-10T16:31:45.506493466-06:00
updated_at: 2026-01-10T16:31:45.506519335-06:00
phases:
    implement:
        status: interrupted
        started_at: 2026-01-10T16:31:45.506495129-06:00
        interrupted_at: 2026-01-10T16:31:45.50650075-06:00
        iterations: 0
        tokens:
            input_tokens: 0
            output_tokens: 0
            total_tokens: 0
tokens:
    input_tokens: 0
    output_tokens: 0
    total_tokens: 0
