task_id: TASK-001
current_phase: implement
current_iteration: 0
status: interrupted
started_at: 2026-01-10T16:48:11.880228024-06:00
updated_at: 2026-01-10T16:48:11.880243153-06:00
phases:
    implement:
        status: interrupted
        started_at: 2026-01-10T16:48:11.880228926-06:00
        interrupted_at: 2026-01-10T16:48:11.88023111-06:00
        iterations: 0
        tokens:
            input_tokens: 0
            output_tokens: 0
            total_tokens: 0
tokens:
    input_tokens: 0
    output_tokens: 0
    total_tokens: 0
