task_id: TASK-001
current_phase: implement
current_iteration: 0
status: interrupted
started_at: 2026-01-10T19:19:19.264596296-06:00
updated_at: 2026-01-10T19:19:19.264623888-06:00
phases:
    implement:
        status: interrupted
        started_at: 2026-01-10T19:19:19.264597558-06:00
        interrupted_at: 2026-01-10T19:19:19.264605824-06:00
        iterations: 0
        tokens:
            input_tokens: 0
            output_tokens: 0
            total_tokens: 0
tokens:
    input_tokens: 0
    output_tokens: 0
    total_tokens: 0
