task_id: TASK-001
current_phase: implement
current_iteration: 0
status: interrupted
started_at: 2026-01-10T14:15:39.308544382-06:00
updated_at: 2026-01-10T14:15:39.30857466-06:00
phases:
    implement:
        status: interrupted
        started_at: 2026-01-10T14:15:39.308545204-06:00
        interrupted_at: 2026-01-10T14:15:39.308547338-06:00
        iterations: 0
        tokens:
            input_tokens: 0
            output_tokens: 0
            total_tokens: 0
tokens:
    input_tokens: 0
    output_tokens: 0
    total_tokens: 0
