task_id: TASK-167
current_phase: test
current_iteration: 2
status: running
started_at: 2026-01-14T12:07:34.930498-06:00
updated_at: 2026-01-14T12:14:18.092943-06:00
phases:
    implement:
        status: completed
        started_at: 2026-01-14T12:07:41.403412-06:00
        completed_at: 2026-01-14T12:12:53.183728-06:00
        iterations: 1
        commit_sha: a874a22740bbfd30f8f63b3c8ffec0835c0adb3f
        tokens:
            input_tokens: 1607922
            output_tokens: 19774
            cache_creation_input_tokens: 165276
            cache_read_input_tokens: 1438008
            total_tokens: 1627696
    test:
        status: completed
        started_at: 2026-01-14T12:12:53.238953-06:00
        completed_at: 2026-01-14T12:14:18.092942-06:00
        iterations: 1
        commit_sha: 62ebe2bc838670905c0f930d95972009dcc4a6a3
        tokens:
            input_tokens: 614697
            output_tokens: 2356
            cache_creation_input_tokens: 27954
            cache_read_input_tokens: 586727
            total_tokens: 617053
gates:
    - phase: implement
      gate_type: auto
      approved: true
      reason: auto-approved on success
      timestamp: 2026-01-14T12:12:53.238949-06:00
tokens:
    input_tokens: 2222619
    output_tokens: 22130
    cache_creation_input_tokens: 193230
    cache_read_input_tokens: 2024735
    total_tokens: 2244749
cost:
    total_cost_usd: 0
execution:
    pid: 41922
    hostname: Mac.localdomain
    started_at: 2026-01-14T12:07:35.933825-06:00
    last_heartbeat: 2026-01-14T12:12:53.238956-06:00
