task_id: TASK-167
current_phase: implement
current_iteration: 1
status: running
started_at: 2026-01-14T12:07:34.930498-06:00
updated_at: 2026-01-14T12:12:53.18373-06:00
phases:
    implement:
        status: completed
        started_at: 2026-01-14T12:07:41.403412-06:00
        completed_at: 2026-01-14T12:12:53.183728-06:00
        iterations: 1
        commit_sha: a874a22740bbfd30f8f63b3c8ffec0835c0adb3f
        tokens:
            input_tokens: 1607922
            output_tokens: 19774
            cache_creation_input_tokens: 165276
            cache_read_input_tokens: 1438008
            total_tokens: 1627696
tokens:
    input_tokens: 1607922
    output_tokens: 19774
    cache_creation_input_tokens: 165276
    cache_read_input_tokens: 1438008
    total_tokens: 1627696
cost:
    total_cost_usd: 0
execution:
    pid: 41922
    hostname: Mac.localdomain
    started_at: 2026-01-14T12:07:35.933825-06:00
    last_heartbeat: 2026-01-14T12:07:41.403798-06:00
